     0.00000000000000e+00     0.00000000000000e+00     0.00000000000000e+00     0.00000000000000e+00     0.00000000000000e+00
     0.00000000000000e+00     0.00000000000000e+00     0.00000000000000e+00     0.00000000000000e+00     0.00000000000000e+00
    -1.54448579420195e-05    -3.35914384903407e-07     5.89413263906288e-07     3.43179853981989e-07     1.06396914411438e-06
     0.00000000000000e+00     0.00000000000000e+00     0.00000000000000e+00     0.00000000000000e+00     0.00000000000000e+00
    -7.81546803769523e-06     3.24364776046380e-06     1.70142881143555e-07     7.32642304218160e-07     3.48467921844057e-07
     2.75578086073822e-07    -3.04725738423018e-08    -7.10260361561754e-07     4.29295410284130e-07    -3.40026584906757e-07
     0.00000000000000e+00     0.00000000000000e+00     0.00000000000000e+00     0.00000000000000e+00     0.00000000000000e+00
    -1.55818592722507e-06    -1.05182843997737e-06    -1.40147987640767e-06    -3.02552538409908e-07     4.72356393793378e-08
    -1.58064025430505e-06     1.49929160979823e-07    -1.11534073380944e-08     1.02483776261011e-07    -1.91117366151496e-07
    -8.03592520561540e-07    -8.25577043307407e-08     6.41549740643658e-09    -7.17790471374882e-09    -8.54586581767073e-08
     0.00000000000000e+00     0.00000000000000e+00     0.00000000000000e+00     0.00000000000000e+00     0.00000000000000e+00
     4.14238750096765e-06    -1.51841397970619e-06     1.28096342509112e-06    -4.21323495105893e-07     3.77601256449713e-07
    -5.49550763142999e-07    -1.03307482382529e-07    -1.04988792626924e-11    -9.06459839524089e-08     4.06754170967404e-08
     1.03447367343393e-07     2.90575455156507e-08    -5.59797635180636e-08    -3.72652371114839e-08    -1.13623397340400e-08
    -1.79902008832969e-07    -3.58472000571677e-08    -9.07017109196048e-09     1.03753037154039e-08    -4.74462226039767e-09
     0.00000000000000e+00     0.00000000000000e+00     0.00000000000000e+00     0.00000000000000e+00     0.00000000000000e+00
     3.25938828411724e-06    -1.32057094465826e-06     7.47265994769811e-07    -1.49567302966229e-06     3.81231194987917e-08
     3.58735030718855e-07    -2.41421188101386e-07     5.21649912185751e-08    -1.39984951834604e-08     8.31708545124537e-08
     1.71093823535680e-07    -1.20623461985868e-08    -2.16527768366320e-08     7.35710870320358e-09     1.56530031011769e-08
     3.04075504356942e-08    -5.28046351737992e-09    -1.20566397313324e-08     1.68042971099780e-09     4.79836941048124e-09
    -1.30952489725352e-08     2.14190291302366e-09     1.63088146712990e-09     1.70131285639895e-09    -8.10112050752790e-10
     0.00000000000000e+00     0.00000000000000e+00     0.00000000000000e+00     0.00000000000000e+00     0.00000000000000e+00
     4.29136900193139e-06     1.57791305659071e-06     2.72271023507161e-07     6.95593957450541e-07     3.04928924509342e-07
     2.73658562128596e-07    -1.51139416924897e-07     8.82380919084604e-08     1.36679162881652e-08    -2.34763890036194e-08
     9.74102417105898e-09    -1.82808916893048e-08     3.94997292466679e-09    -4.23321682082873e-10     2.98151738707350e-09
     9.24388025003940e-09    -9.91473047210227e-11    -2.38814926690259e-09     1.09985131168359e-09     5.68927171402369e-10
     7.68129068084475e-10     9.69263969447702e-10    -3.83432054497271e-11     6.28324195931409e-11     2.04416781380208e-10
    -3.64062002343155e-10    -2.35127778147465e-10     1.11297544773971e-10     6.39669251072507e-11    -3.19585014642083e-11
     0.00000000000000e+00     0.00000000000000e+00     0.00000000000000e+00     0.00000000000000e+00     0.00000000000000e+00
    -5.39403826820945e-07    -1.68366455023984e-06    -2.40482263820600e-06    -3.22053155399734e-07    -2.87295051489499e-07
     2.95543248380094e-09     4.37860823615838e-09    -7.40033595497772e-08    -8.04879306275195e-09    -9.24133099718585e-08
    -7.66783078855354e-09     5.16125680779710e-09    -2.39846519454097e-09    -2.27989466319507e-09     2.85327633063537e-09
    -4.41951512823826e-09     1.82442573794121e-10     2.29001279120274e-09    -9.39714553678514e-11    -7.26330309453154e-10
    -8.47237576368657e-10     2.36202639253462e-10     9.61409340501270e-11    -1.15322646363016e-11     3.05664585294869e-11
     1.25889799761894e-10     7.80335516953663e-11    -1.87562459111406e-11    -4.78723297190992e-11     1.06842434955803e-11
     5.00795322110212e-11    -1.06439596498078e-11    -4.11691001907831e-12    -6.53336810978633e-12     6.86944704865423e-13
     0.00000000000000e+00     0.00000000000000e+00     0.00000000000000e+00     0.00000000000000e+00     0.00000000000000e+00
    -4.18425476497930e-06     1.68408887187758e-06     7.96600185922031e-07     3.99841638233768e-07    -2.78522666022952e-08
     7.20456954237010e-08    -4.33237936160922e-08    -9.12124672400819e-08    -2.08673495412264e-08    -3.50425073950599e-08
    -1.60981169674995e-08     9.87095501641436e-10    -2.20534424539876e-10     1.63675139119263e-11     1.19770816193674e-09
     1.60995812481171e-09     1.28789758658254e-09     5.71483269611211e-10    -1.04631419120250e-09    -2.33584567621432e-10
    -7.52918966146430e-10     1.45262993311471e-11     4.90952848948067e-11     2.57801305496387e-11     6.23951270215106e-11
    -7.41622534531435e-11    -5.83728858165792e-12    -4.42967828437674e-13     8.73281692154056e-12     4.76562986845578e-13
     7.61581144559393e-12    -5.10347518304689e-12     1.90053551784479e-12    -9.39033443141881e-13     7.40284862197410e-13
     2.09852169439905e-12     1.17498235908396e-12     1.62006530953742e-13    -1.39103715334909e-13    -3.12486258231722e-14
     0.00000000000000e+00     0.00000000000000e+00     0.00000000000000e+00     0.00000000000000e+00     0.00000000000000e+00
     2.11687002241943e-07    -1.59392777129403e-06    -2.10678676094338e-07    -5.48734006480117e-07     1.79929897408548e-07
     5.60623589667602e-08     3.12273198675880e-08    -8.33876421998753e-09     3.13476127447914e-08    -8.82830214261614e-09
    -5.68072401056876e-09     8.27736305996788e-10    -8.03090026705534e-09     2.80965080836416e-09    -1.06722228327765e-09
    -1.01856967817110e-10     4.03292238542766e-10    -4.54535828282675e-10    -4.12501517700777e-11    -4.06229473506127e-10
    -2.24498705081839e-12    -6.49785134981153e-11    -4.66860642461522e-11    -1.96988654341946e-11     5.08861309498623e-11
    -2.08100522353158e-11    -1.15024544138101e-12    -9.71852896723351e-13     3.20604364630786e-12    -1.98234045987380e-13
     6.90667690501915e-12    -1.33134064055625e-12    -2.21137149743035e-12    -2.91625706789091e-13     1.05309477455343e-13
    -1.67613028443336e-13    -5.23509233296515e-14     2.91300062638455e-13    -2.30143888624600e-14     7.36632822795473e-14
    -1.88391112775547e-14     7.59141173410156e-14    -1.49231248448155e-14    -2.64107813874767e-15    -2.22947355555792e-14
     0.00000000000000e+00     0.00000000000000e+00     0.00000000000000e+00     0.00000000000000e+00     0.00000000000000e+00
     1.00465079819712e-06     1.36598477460143e-06     9.72133307730513e-07     4.36262386403951e-07    -3.47950021545177e-07
     5.40670381569866e-08     2.94032609099220e-08     1.52698486286288e-08    -2.34576085859943e-08     4.67803425974249e-08
     4.48505049620189e-09     4.34406891816921e-09     3.00617294500752e-09     1.20092619362481e-09    -6.42713253348498e-10
    -2.25170585074103e-09    -2.72397853894330e-10    -8.82340767180757e-11     1.09779271488135e-10     1.78792865578686e-10
     3.85652396983184e-11    -4.79991341390693e-11    -2.76505274904868e-11    -4.22765044546786e-12    -7.59963888864001e-12
     9.76014003529300e-12     2.24912072192957e-12    -1.82355000482951e-12    -5.62000226015303e-12    -1.81826445237129e-12
     8.06278814883094e-13    -5.59011146240233e-13    -4.90660136829434e-13     1.40149025460412e-13     4.86537637951105e-14
     1.76291478031454e-13     6.56545117435307e-14     2.37336887102121e-14    -3.82883614832148e-14    -2.26862533574126e-14
    -1.21346257350245e-14     1.31872098055469e-14     8.50625578189102e-15    -1.61472416766363e-15     2.47945565777287e-15
     1.07066572024190e-15     5.31355782525493e-16    -1.75193931063797e-15    -2.32348604403763e-16     3.89057479317354e-16
     0.00000000000000e+00     0.00000000000000e+00     0.00000000000000e+00     0.00000000000000e+00     0.00000000000000e+00
     2.65579909499849e-06    -1.04436934278627e-06    -1.01466255027399e-06    -7.96011121943161e-07    -3.68914042638397e-07
     1.27535043252191e-08     3.63812311247548e-08     2.33169375735495e-08     2.86743026755537e-08     5.93097951843475e-09
     1.32197578587811e-08     3.12222577018201e-09     2.52214064396524e-09    -5.44016962819733e-10     2.89388052944458e-09
    -2.78116413949170e-11     5.63069912995191e-10     4.01406050109784e-10    -1.60327928750807e-10     8.66392559730117e-11
    -2.34698213274862e-11    -7.53809460567734e-12     1.36924997190941e-11     9.51038844669423e-12     1.91597218810334e-12
    -5.38372182320977e-13     1.89743535455429e-13     1.67010140045089e-12     1.05790401103824e-13     5.55825244751495e-14
     3.60718230112388e-13     1.65992489785231e-13     1.52125122493492e-13     5.84776649997805e-14     9.43318054034566e-14
    -4.98250830285114e-14     1.86474334133916e-14     2.44698789671413e-16     5.74848220264825e-15    -1.16587050206517e-15
    -1.73901331633891e-14     6.50983396257460e-15    -2.83533424432225e-16    -1.14016885129394e-16    -8.35976307247304e-16
    -1.48979056331948e-15     1.94994610692733e-16    -2.99811846404645e-17     1.51751387964498e-16     4.48233829280493e-17
     2.17859447733923e-16    -2.91296469291430e-17    -3.07461426856010e-17    -1.02038838262494e-17    -1.59821001568124e-17
     0.00000000000000e+00     0.00000000000000e+00     0.00000000000000e+00     0.00000000000000e+00     0.00000000000000e+00
    -1.93332432842262e-06     1.45676811517673e-06     5.48842389422611e-07     4.15372338669934e-07    -1.37373836821289e-07
     1.08215981783797e-08    -4.35218684506536e-08    -3.31586980180658e-08    -3.50315398192855e-08     3.97231232083922e-09
     1.25471046860529e-08     3.21091560814905e-09     3.32029641977478e-09     2.38216891549635e-13     2.19757189637826e-11
     4.56923017222541e-10     5.03173539453551e-10     2.83521490585789e-11    -1.65333423885037e-10    -2.94976571712427e-11
    -2.07535451918528e-11     2.27539048541219e-11     6.84943651721575e-12     7.40809296002879e-12    -1.96567550057595e-12
    -1.47119822741479e-12    -4.25783017204091e-13     7.01762515914818e-13    -6.99131369121083e-14     3.93164271534588e-13
     1.75810130985076e-13     1.73949255927394e-13     7.11496512452098e-14    -1.46952511412406e-14     2.64305620612708e-14
    -9.89912846133527e-15     2.84190782002357e-15     1.31160418827837e-15     4.11060436940090e-15     7.69356302038833e-15
    -6.04724578034173e-15     2.24780446244451e-15    -9.58677133489170e-17    -7.62579207350714e-16     7.36219396646393e-17
    -5.32672386615535e-16    -1.41060519006868e-17    -1.11145552086736e-16     2.22969517851927e-17     7.88561509728930e-17
    -8.44073537897679e-17    -1.45064098898833e-17    -1.09116855882512e-17     3.02390361874605e-18     2.44484093411871e-18
     1.00170858373369e-17     2.34311066749061e-18     3.09514203167740e-18     8.72339586948809e-19    -9.87749306135631e-19
