     5.72198601247424e-02     2.90618277458461e-05     3.13331163074155e-05    -1.33342339384554e-05     1.83778025868574e-06
     5.81989610880244e-05    -6.96711426663622e-04    -8.98769758962538e-05     7.48057371977263e-07     9.09010134056875e-05
    -1.03144353116153e-04    -4.77400615940301e-05     4.13977035667611e-05     1.16111925968323e-06    -4.90148792709243e-06
     1.32108044336023e-03     5.99190790578314e-04     3.60347332277092e-04    -1.44002062343112e-05    -2.73203311065700e-05
    -2.74738088089540e-05    -1.27853712149369e-04    -9.04338970785953e-05    -6.03244430839337e-05    -1.07840484362854e-05
    -1.04830121418786e-06    -3.39830677021299e-06    -2.50967498526276e-06     4.72412836175304e-07     2.23460503590708e-07
     7.39159531286163e-05    -1.09608723822281e-03    -3.18403251500196e-04    -7.63927013459646e-05     1.05940426977479e-04
    -1.31504133979789e-04    -7.20254752381824e-05     5.32042120248420e-05     9.45853880368109e-06     7.85748556535488e-06
    -9.04956898967031e-07     2.97253460892063e-07    -4.24524214599688e-07     1.77380897099749e-06     7.08641863048356e-07
     6.72742223500346e-08     9.69419771004621e-07     4.27315923517853e-07    -2.70636856403140e-07    -4.63528941035667e-08
    -3.15250610329006e-04     2.68764224398885e-04     1.93002815615515e-04     1.97816264174711e-06    -1.59322499875338e-05
    -4.17896295280709e-05    -1.00375781681717e-04    -5.50846706638403e-05    -3.78214261039882e-05    -4.83529916288799e-06
    -1.53885628047213e-06    -1.01589205214163e-06     3.42931279847271e-07     1.81294390995797e-06     6.14664863553796e-07
    -1.58842842399513e-08     2.29636590609206e-07     6.94218721409906e-10    -1.65557256470419e-07    -4.32817481843214e-07
    -7.99308111978487e-08    -1.26613260589859e-08    -1.49101253447455e-09    -2.37080637591287e-08     1.37232949910482e-08
     3.13920346732250e-05    -7.20325024019404e-04    -3.25726525290853e-04    -1.07309846386842e-04     3.61774624960560e-05
    -2.33798600863219e-05    -4.23992469824802e-05     1.34612539975724e-05     2.52906367162754e-05     2.07395313010178e-05
    -1.80582122884530e-07     1.71854596172017e-06    -7.85324646741518e-07     5.02953375459292e-07    -5.85034688245901e-07
     3.50548545764904e-07    -2.24909130584377e-07    -7.26022317625211e-08    -4.03566648860967e-07    -6.78543211541666e-08
    -3.41744652182580e-08     7.00054802042717e-08    -1.92126421375415e-08     1.02148647127058e-08     9.27579892889822e-09
    -2.77746149734137e-08    -9.76993777870836e-09    -3.44862680698893e-09    -2.34956635077979e-09     4.00546717963886e-09
    -6.38834116837341e-04    -1.47532596064650e-04     7.63027378634481e-05    -3.08123638336350e-05     4.56559818610723e-06
     1.36901393461687e-06     1.12358342800659e-05     1.02137316691120e-06    -2.86290039497056e-06    -1.24169887910335e-05
    -2.20004987816191e-06     2.40357694682396e-06     9.81563156168804e-07     9.98701857569995e-08    -1.04770298525842e-06
    -3.20268122912728e-07    -2.15091723515288e-07    -8.75747944127762e-08    -1.30157610988576e-07    -3.80113970729805e-07
     2.11798633898392e-08     1.42394919365039e-08    -1.59280829092970e-08     1.96594408999380e-09     1.00598227911322e-08
     6.79767306150011e-09    -2.95544653506060e-10    -1.60435674576249e-09     4.83407835211264e-10     6.96055656382597e-10
    -1.09810117049947e-09    -3.99659169632770e-10    -8.54178918281211e-10     1.96825948051008e-10     9.46159190577794e-11
    -4.80123722959852e-05     4.31854021092563e-04     3.13344089989562e-04    -3.14725494637724e-05    -3.21990961394268e-05
     9.49690612067126e-06     1.43324488851438e-05     1.66830545873865e-06     7.68847930641223e-06    -1.71876461075833e-06
     5.94884739390159e-07     2.23786390342994e-06    -5.72621725495580e-07    -3.71853084359135e-07    -8.28203164119005e-07
     7.25089038950367e-08    -1.37696717496093e-07     3.57719996229182e-08    -1.19780801355446e-07     1.19339515580975e-07
    -1.75159655097667e-08     1.81385668859154e-08    -1.74557814864303e-08     1.17991203556891e-08     4.91056470305262e-10
     1.40260221048364e-09    -1.51456882082764e-09    -1.68533000405053e-09     1.09557503398961e-09     1.63527332496365e-09
     1.05261647851708e-09    -3.29025278276195e-10    -2.24816817411892e-10     6.29353636294645e-11    -2.09194503968397e-10
    -1.60277174560738e-10     3.95095414159037e-11     3.86695859176376e-11     8.28027076180573e-12    -1.69876796333500e-11
     3.46694106801305e-04    -1.14843568177525e-04    -6.98996440555179e-05     1.13449261649610e-04     7.72041492857369e-05
     5.05940787452986e-05     1.56130034254005e-05     1.88829068027154e-06    -7.36675152172028e-06    -1.95144335909251e-05
     7.11055689584063e-07    -2.02442118028974e-07    -1.03617380689956e-06    -4.39470773593356e-07    -3.02611875468254e-07
    -2.22837682984149e-07    -8.84309583835617e-08    -5.55396517475890e-08     2.91792694482170e-08    -1.68594571285830e-08
     1.71284873193529e-09    -1.25874234610192e-08    -4.19404607755652e-09     2.13616874451201e-09    -3.29871896748060e-09
     3.05717538352376e-09     3.02516216705133e-10    -2.31142679921995e-10     7.16169375233264e-10     7.20024358130444e-10
     6.40074828787814e-12     5.23714191605593e-13    -1.92553808895789e-10     3.60932300520948e-11     1.06442343408159e-12
     3.05418230935672e-11     2.38988677604460e-11    -2.03297841462838e-12     1.00066578347434e-11     3.60291287441981e-12
     2.39968775701752e-11     2.04067960392729e-12     6.99201551998290e-13    -1.68914767086166e-12    -1.35231942885115e-12
     1.12569836343824e-04     1.32728915505352e-04     9.98447928557194e-05     1.67471422204624e-05    -7.22791142249599e-05
    -6.22432271705288e-06     9.39117078381899e-06    -8.35652519376863e-06    -1.30682164825003e-05    -1.00931627383824e-05
     2.17322681140051e-07     3.33410109632791e-07    -6.28364803427838e-07     9.54951961936217e-08     6.85427412926633e-07
     5.26574689298372e-08     1.14749824707101e-07     8.40180688822912e-08     5.02641687761468e-08     4.92660757866854e-08
     4.49046044880210e-09    -6.45177921187839e-09    -6.74392238691055e-09     2.09156366183427e-09     3.65712288461313e-09
     4.74567565046968e-10     2.07638181365210e-10    -3.37087120896869e-10     5.90531510907199e-10     1.66535238274335e-10
    -1.26062494197527e-10    -4.46018328845815e-11    -2.89192799475677e-12    -1.78066077482863e-12    -3.61656770907355e-11
     1.88976044874525e-11     1.81217471325494e-11     1.03122002224219e-11     5.52183977582239e-12    -2.73818845571220e-13
    -3.04386820993366e-12     4.59791772391693e-13     1.86594117657679e-13     3.99538654347503e-13    -8.79810039723857e-13
     6.02810941093595e-13    -6.23735891795933e-14     2.25246482193732e-14     5.13606414118443e-15    -1.11515358029066e-14
    -4.12301172959424e-05    -3.84960654241220e-05    -6.30004120838400e-05     8.41704983209946e-05     6.56522706576933e-05
    -1.05566437510594e-05    -2.09618598584337e-05    -3.81262201425857e-06    -9.08783684511989e-06     4.72776731184107e-06
    -6.22810518187409e-07    -9.85090391345285e-07    -1.94804219345131e-07     4.71943742853609e-07     8.70841597521579e-07
    -5.66479495510592e-08     7.50975563237660e-08     6.50716384336457e-08     4.45749372216896e-08     6.68253440291764e-08
     3.35749022976095e-10    -8.45045306757126e-09     1.11502929232626e-09     2.06806437735956e-09    -1.14682050684750e-09
     3.10093165835910e-10     1.95327217489063e-10    -4.33944336472950e-11     2.74952469469143e-10     8.16692650376440e-11
     2.14240398566215e-11    -6.67037433381326e-12     1.64746174036538e-11    -1.78115071474096e-11    -6.42734075762349e-12
    -6.48076087638681e-14     7.06986153435809e-12     2.78985894066498e-12     4.94248844070667e-13    -1.19006009888160e-12
    -7.66567965696982e-13     4.97257229147431e-13     5.96096048805639e-14    -1.62010396442768e-13    -4.07963134475582e-13
    -6.19671233252369e-14    -4.81987581656284e-14    -3.30185485393548e-14     1.55108379445296e-14    -3.92390577679619e-14
    -5.05482029861626e-14     3.10575238561206e-15     1.45892917055278e-15    -2.76282977371883e-15    -3.61350811736211e-15
    -7.35815944528149e-05    -2.63980145740171e-04    -2.23083027056831e-04    -3.56255642186457e-05     1.55823186780292e-05
     3.96192454817570e-06    -3.90794370272090e-06    -4.19068812205869e-06    -2.16006357206906e-06     1.79544366996282e-06
    -1.42320324614837e-06    -1.75499243212733e-07     2.08102718621340e-07     4.80530952182731e-07     4.28455769092246e-07
     4.35510442714543e-08    -1.05614994891593e-08    -3.83094968869668e-08     2.71434331926947e-09    -3.78101879651103e-08
     1.19030352298242e-09    -2.99405409458030e-09     2.76070749847534e-09    -3.32242015058267e-10    -9.46766401064789e-11
    -2.58920101167258e-10     2.01963023284598e-11    -2.78276778074363e-12     1.21695694439976e-10    -1.78118063133072e-10
    -3.03553731538111e-11    -3.25055497590988e-12     6.68151776795560e-12    -3.70612791518006e-12     8.64208300623308e-12
    -3.37061200017195e-12     3.40039549177606e-12     2.53056050054990e-12    -8.48601601327061e-13    -2.47547752913565e-13
     2.91291495796961e-14     2.48537720140636e-13     7.69984152562419e-14    -3.72249008777412e-14    -1.44559550360992e-13
    -2.94071213635386e-15    -2.09224556649513e-14     4.14427567007812e-15    -6.11829093349991e-15    -1.50456484805305e-14
    -1.02255521556720e-14     2.44455720145953e-16     3.08654480716303e-16    -4.18500182765704e-16    -9.16768141103709e-16
     1.01747730045410e-15     3.26076513542809e-16     3.45924083779609e-17     3.61721304349235e-18     1.02970061341635e-17
     1.13979833394442e-04     2.58618241598459e-05     2.18258373340026e-05    -4.40558952283746e-05     1.30179749698455e-06
    -1.96579542319495e-05     1.41261061112827e-05     6.17207427770873e-06     4.67198418432903e-06     3.27757015291216e-06
     1.80755282438623e-07     8.14129034539076e-07     8.23407569680146e-07    -1.42196107037126e-08    -5.93501743227748e-08
     4.71862622341115e-08    -1.57543603594054e-08     2.37676464946967e-08    -4.36224403908192e-09     2.18746658771406e-08
     4.70227566484990e-09     2.62691691338080e-09     1.75715327794498e-09     7.92559092520098e-10    -4.07617752006947e-10
    -1.04990293407078e-10    -8.42152965365943e-11    -5.95107858578349e-11    -2.72344438023260e-12    -3.01461545611273e-11
    -3.89507462427632e-11    -6.84735703545069e-12     1.37928702767007e-11     3.35780788725971e-12     5.97136022233191e-12
    -1.89649636371093e-13     1.03783101433919e-12     1.09894088996028e-12    -4.79103956212385e-13    -1.03723991651361e-12
     1.84109140376854e-13     8.02425188743787e-14     4.52995487619926e-14     2.46871805119962e-14    -5.28574978522199e-14
    -1.15214993762978e-14    -4.83470279675404e-15     2.53793247878340e-16    -2.62461472431824e-15    -1.13308670031106e-14
     6.33664860989550e-15     5.77866382975408e-16     5.22262839691855e-16    -1.93507939901579e-16    -5.84709521614986e-16
     1.11009651250989e-16     5.21649385576809e-17    -7.18170713206741e-18    -2.66068200258721e-17    -2.08104880716352e-17
     3.44587569728211e-17    -8.89714939342601e-18    -3.79260080729398e-18     3.53423780991006e-18    -7.48024689997101e-19
