     2.71070946915969e-03    -1.25822051416374e-06     1.35478293102253e-06     2.62632335226664e-07     1.48479507275208e-06
     9.56543066318303e-06    -5.75025988134396e-05    -2.01290810957682e-05     1.02443108070387e-06     4.70783704746423e-06
    -9.58384594005481e-06    -2.12973394192753e-06     2.07002272301328e-06     4.36572015512383e-08    -1.35090621453856e-07
    -2.66603780876045e-05     2.35998355652280e-05     2.02335896019296e-05     1.51551662955240e-06     7.53878522766234e-07
    -6.71856839408526e-07    -5.39562871561308e-06    -4.24327488308192e-06    -2.72373304685581e-06    -6.86126161871980e-07
     8.00376937235588e-07     3.16477285916483e-07     3.01945472639058e-08     1.75620109287799e-08     4.14638714335663e-08
     2.24984044912334e-05    -5.70226520785525e-05    -1.94406427448284e-05    -4.37459566952898e-06     4.84628004330426e-06
    -4.65743724959344e-06    -2.57586477277046e-06     2.50731126104729e-06     4.09156556673252e-07     2.86545176359081e-07
     8.66644512187011e-07     1.80523082006727e-07     1.17151574671159e-08     4.53670695125604e-08     3.25568768672337e-08
    -4.72414276025287e-08    -3.04075504754915e-08    -8.66543796596747e-09    -7.56345323623362e-09    -4.62315956747594e-09
    -2.47433460069645e-05     1.63890260508055e-05     1.90211247139281e-05     2.22257980430247e-06    -2.02794054287990e-06
     4.33927954698822e-07    -3.60673727198611e-06    -2.95778864413782e-06    -2.04144765654716e-06    -9.29966253667872e-07
     6.69772744179320e-07     1.30626523137823e-07    -1.20761978570297e-08     2.15057685816301e-08     2.55905916042049e-09
    -7.76678950138819e-08     5.38941480791056e-09    -7.21849504368592e-10    -5.19090714570742e-09    -4.99577479998161e-09
    -5.76789903165302e-09     4.70507288250121e-09     1.78389262393205e-09     1.60914983099975e-10    -6.27471214994890e-10
     1.73941715646335e-05    -2.71939940106337e-05    -1.34967565508661e-05    -6.24214330973199e-06    -4.07702624691212e-07
    -1.89003427884190e-06    -1.55432242844925e-06     7.85632634587085e-07     7.02374698448047e-07     6.81538049195017e-07
     1.95493234138929e-07     1.11811380427312e-07     1.26031486986314e-09     2.61952796970746e-08    -4.73816745038775e-09
    -2.78164902387959e-08    -5.71651938199287e-09     1.99160574628214e-10    -6.84058200789069e-09    -2.90875363373206e-09
    -1.99530765180354e-08     3.26982112490398e-09     8.06218492418034e-10     3.36953223244997e-10    -1.04204810306678e-10
     8.46904053183970e-10    -2.27324444673798e-10    -1.25321198225565e-10    -6.39003906498942e-11     8.17766743710359e-11
    -2.93496307696670e-05    -3.17325648825643e-06     6.14703899596117e-06     7.25475221166932e-07     3.60084940169524e-06
     6.41504419608368e-07    -5.79730250039048e-08    -3.74418646960380e-07    -3.94145191051920e-07    -7.11700645104396e-07
    -9.83760584006946e-08     1.03749332475405e-07     8.04580254311480e-09     2.18032820665971e-09    -8.93845026875150e-09
    -2.01358487937012e-08    -5.60766978165525e-09    -4.01107201256299e-09    -1.81174344798549e-09    -6.69633129533470e-09
    -6.24015802588095e-09     1.00577532732059e-09     2.25460079246819e-10     2.69573947881204e-11     4.15728260169769e-11
     8.93306031446069e-10     6.20458147272507e-12    -9.61482117872119e-11    -1.25697386758146e-12    -4.35628565738369e-12
     1.56155131537156e-10    -8.00412312390653e-12    -1.24416004445346e-11     1.29936409702037e-12     2.56802637417923e-12
     6.91386865396919e-07     7.19173850096869e-06     5.86438322498226e-06    -9.74332269835314e-07    -3.18856054525767e-06
    -5.83344540050242e-07     2.52448190247279e-07    -3.25806793002294e-08     2.46449408944718e-07     5.93453754765980e-08
    -1.50823293333210e-07     1.10449602980449e-07     3.12850170344407e-09     1.49853949652711e-09    -1.04418481184386e-08
    -4.39351619331310e-09     4.99943674400330e-10     1.35432426000099e-09    -1.35880452236982e-09     3.25041231432539e-09
    -8.05401507442349e-10     7.30589818846593e-10    -3.18238648190830e-10     2.08520033636207e-10     6.66951288349628e-11
     1.53343886917871e-10    -5.12426090133627e-11    -5.16772283812981e-11     2.24921635208082e-11     3.05945246730995e-11
     7.39451302298430e-11    -9.39379434874561e-12    -5.50645581647302e-12     6.65036286031008e-13    -6.05059253256441e-12
     5.38862738626377e-12     3.14457835286716e-12     1.57184987795369e-12     2.29358239581430e-13    -4.39768255307941e-13
     2.83152765565770e-06    -4.65487388224395e-06    -3.64095144305053e-06     3.35927583290931e-06     4.47886444032121e-06
     1.10924924735252e-06     3.67806388270813e-07     1.69029129484588e-07    -1.48466665209962e-07    -5.41947426305620e-07
    -2.86219960891623e-08     2.10205179651756e-08    -2.20169695677911e-08    -1.09745538315253e-08    -1.53221594559581e-09
    -8.12305012776867e-09    -2.68784883040066e-09    -2.31426078593572e-09     1.45004482369729e-09     4.70770089053677e-10
     4.63506983099413e-10    -5.23078625972759e-10    -1.36432753316418e-10     7.87817004809522e-11    -4.35346460073703e-11
     1.88677393874398e-10     2.60544486172630e-12    -1.35539423837440e-11     1.54219623173966e-11     1.13521038682023e-11
     3.62674887899452e-12    -2.35608989772231e-12    -4.76924367260356e-12    -7.96242354217930e-14    -4.76205588972804e-13
    -7.81749933857314e-12     8.39653194196165e-13     2.21908972574753e-13     2.76770763253974e-13    -4.59538018284924e-14
     1.42661496689123e-12     1.00335595871708e-13     4.00657114570269e-14    -2.71979776323591e-14    -3.01380486052192e-14
     6.13694443888773e-06     4.79951040348392e-06     4.73114326005580e-06     1.07944742012683e-06    -2.49691714490620e-06
    -3.34476827714362e-07     2.95728649126199e-07    -3.39070918804539e-07    -4.54674861670690e-07    -2.91834670219761e-07
     2.27283249799004e-09     3.03312965755387e-08    -4.12479044060262e-09     3.90522480175429e-09     1.87714413617993e-08
     3.97409455262100e-10     4.19573886306055e-09     2.64157718376903e-09     1.72119078133952e-09     1.52333500021605e-09
     1.07006647635769e-09    -3.83509764688846e-10    -2.30418187012948e-10     7.56356844005802e-11     1.41770924593979e-10
     4.61701928952722e-11     6.08544808547709e-12    -6.61948715959295e-12     1.72880517274302e-11    -8.09414687819983e-13
    -5.23787812842396e-14    -1.75096138908608e-12     1.09524189282511e-13    -1.06124168752732e-13    -1.02127321893439e-12
    -1.24367685387648e-12     7.44307871859914e-13     4.18375736348801e-13     1.15438729965676e-13    -3.69359655830019e-14
    -5.44868913631041e-13     2.20716223163828e-14     1.39462530189260e-14     8.65432719308267e-15    -3.14485754486069e-14
     3.26526177805668e-14    -2.12792204472233e-15    -6.49271002814122e-16    -1.31386168434396e-15    -6.31228613620776e-16
     2.50729644935420e-06    -1.03504419887158e-06    -2.54243172583526e-06     2.99279441528162e-06     2.29492248829750e-06
    -4.27953975635902e-07    -4.83495765503594e-07    -4.43297344024444e-08    -2.31863746354317e-07     1.19129300626838e-07
     5.98764713171495e-08    -3.68332467717201e-08    -1.51473392409918e-08     1.23157789103304e-08     2.05155326814394e-08
     3.12914129150980e-09     1.67075703740870e-09     1.66644104486381e-09     1.20255941058838e-09     2.25306029402893e-09
     7.51851782872431e-10    -2.98151764924188e-10    -9.33952766952505e-12     7.02268804153983e-11    -1.20221838638259e-11
     7.71368965533109e-12     4.87775832258632e-12    -9.39322159520457e-13     7.86482554376080e-12     3.00717313370498e-12
     9.30050546808911e-13    -1.96243221513638e-13     6.28877245237675e-13    -3.56960378329429e-13    -1.00306128765914e-13
    -3.80914437670826e-13     2.69452041949726e-13     1.09958021343303e-13    -2.42714951351710e-15    -7.26083164481569e-14
    -3.93086313831515e-14     2.56369577908278e-14     4.94145278821407e-15    -4.39980856140795e-15    -1.26712354602356e-14
    -1.00126980291804e-14    -1.68055379188962e-15    -7.14039180005781e-16     6.35936292649380e-16    -1.33135800739298e-15
    -4.03770371549548e-15     3.95564594528480e-17    -5.94740790990467e-17    -7.71723664643696e-17    -5.54634617983146e-17
    -6.34219033586635e-07    -7.47247880163781e-06    -6.69354403165800e-06    -1.31074596668764e-06     4.53482401622586e-07
    -2.26411513222671e-07     6.88693628381457e-08    -5.91909237685499e-08    -8.96503442310394e-08     1.32938536098375e-08
    -4.44784547757590e-08    -1.56028381908710e-09     7.39196341113623e-09     1.24863292964133e-08     1.22991542901347e-08
     9.27252848639592e-10     5.76721284347581e-10    -8.03518060714938e-10    -5.82713774309949e-12    -1.08673877580822e-09
     1.60184278302623e-10    -1.04855983181209e-10     7.79020282354503e-11     6.98716946327200e-12    -3.08752427555957e-11
    -8.33355835182917e-12     1.46944996950592e-12    -1.13500770797299e-12     3.44169785556863e-12    -4.66931674675142e-12
    -3.24101600273405e-12     1.07068286967311e-14     2.35133084568077e-13    -1.50035936242074e-14     2.83492623948955e-13
    -5.79636903136537e-14     8.27065536622499e-14     7.62265790538733e-14    -2.88441837721808e-14    -6.59926106295438e-15
    -7.38758149569738e-15     7.57192752439839e-15     2.66726139342500e-15    -8.52993605383102e-16    -4.25596685867311e-15
     4.27679631996533e-15    -2.16327918739813e-16     1.68253174481633e-16    -2.84297013586287e-16    -4.42000246892542e-16
    -5.72868510031549e-16     2.16230209930573e-17     1.87956210048976e-17     3.17560162812545e-18    -2.20038429596931e-17
    -3.19882865377372e-17     3.52366717087977e-18     2.41682509072366e-18     1.92149044212399e-18    -1.41744241902939e-18
     4.55421831349635e-06     1.86977920745278e-06     6.48825822541826e-07    -6.09440229480174e-07    -2.54969891925388e-07
    -3.16447183570815e-07     3.84619283860677e-07     1.47605413942218e-07     1.33475628166760e-07     9.82265673090671e-08
     7.36444848287040e-09     1.47281608083805e-08     1.83828856188747e-08     1.68718463735710e-09    -2.64222870584646e-10
     5.17682102624869e-09    -1.29855151190088e-09     1.75160465269395e-10    -1.18898893626554e-10     7.75995546690756e-10
     1.81383309302748e-10     7.23308972230606e-11     5.39690957028262e-11     3.63196117146677e-11    -1.51488022120743e-11
    -2.25671795373004e-12    -1.07162614932476e-12    -1.51938822622837e-12    -5.79152679057703e-13    -8.40779916650838e-13
    -2.68913455907422e-12    -6.38909732888389e-14     4.24530513474714e-13     1.35991371707225e-13     1.46949589245504e-13
     1.09607518825155e-13     2.24570621134729e-14     2.68306015768096e-14    -1.45141095244417e-14    -2.64376800440862e-14
     6.64609043038397e-15     1.54183096593478e-15     8.67573647108325e-16     1.09812830190274e-15    -1.44337124748842e-15
    -4.70150852387351e-16    -2.86438506388419e-16     4.60110323822007e-17    -8.64017775037903e-17    -2.95634573408970e-16
     1.70192892171795e-16     2.87951764194180e-17     9.59171867175611e-18    -4.29282074207455e-18    -1.97887130983676e-17
    -6.21765050544344e-18     1.92840902750489e-18    -2.16712015316722e-19    -2.41929782809242e-19    -1.11125660333627e-18
     5.34257738750982e-18    -3.08133860715770e-19    -8.22196224652164e-20     4.41155806753193e-20    -1.92038786444381e-19
