     4.08375235497094e-02    -2.04620004603315e-04    -1.42967254343951e-04     7.18240685180752e-05     8.58587343587052e-05
    -3.41957320234924e-04     3.52346660565507e-04     1.17139122085648e-04     7.72116617726101e-05     2.48250769894608e-05
    -8.01664144290414e-05    -2.05141284681306e-04     4.83770181957868e-05     8.99990153054390e-05     1.92105044720532e-05
    -1.44683786534394e-03    -2.85468904479569e-04    -4.19054979372389e-05    -4.71507302564360e-05     1.56119875174199e-06
    -1.67219031400600e-05     9.38370514367741e-06    -6.32514638101141e-05    -3.88850238167889e-05    -5.17828664849259e-05
     3.54688557168127e-05    -6.71750691391709e-05    -7.23047687399945e-06     1.39279596300993e-05    -2.98456622334822e-06
     6.20169235216803e-04    -4.91595086826947e-04     3.20727256018000e-05     1.82086526299125e-04     1.46978737836994e-04
     8.15515148369408e-05     5.83280683942767e-05     9.17836161337537e-06    -3.56153593036763e-05    -1.09135081897266e-05
     3.92863970961471e-05     1.61284804889158e-05    -2.15615675279722e-05    -5.18040994317452e-06     3.62446349958257e-06
    -7.02579269151874e-07    -8.23188697280868e-06    -9.12965148214568e-06    -1.15903755607509e-06    -4.11536861827483e-06
     5.82864640379778e-04    -1.44178965385802e-04    -1.88416580102655e-04    -2.26214597043550e-05     2.20978233318484e-06
     1.57828368195649e-04    -1.74773853546315e-05     7.58257283285470e-05     4.52551360604008e-05     3.50909882477570e-05
     1.33278941128675e-05     2.40877321506632e-05     7.21537208665214e-06    -3.22253455813570e-06     3.08943930782776e-06
    -1.46101031741040e-05    -3.35689431018117e-06    -3.41549083473032e-06    -1.16521163417171e-06    -8.16488373774996e-07
    -2.56334945319655e-06     1.35897886096164e-06     1.84409013437151e-06     3.02397644396469e-07    -5.65538047468494e-07
    -5.25966134701670e-04     1.20168315220824e-03     6.73580220352920e-04     3.11237048321989e-05    -9.43089707780455e-07
     2.36464189132977e-05    -4.84779195882709e-06    -1.40844898074303e-05    -1.89739181875986e-05     9.02219140128345e-06
     2.30013960976886e-06     1.05700909791612e-05     5.42007141639817e-06    -2.49514046192443e-06     7.19937144538765e-07
    -3.33509603163698e-06     1.24401249469119e-08     5.45162935094577e-07    -6.93404192691626e-07     1.49480578565844e-06
    -1.33062399028014e-06    -1.14527494622739e-07     3.04729176195962e-08    -1.07741547201813e-07    -2.31063978492242e-07
    -2.77590925860182e-07     4.42735123576910e-09     8.10326298542969e-08    -4.53608283246951e-08    -5.09336596182779e-08
     9.55045067278658e-04    -1.35725943899457e-04    -2.62038449541072e-05    -1.35796236765264e-04     1.25211335855412e-04
    -1.46092913992170e-04     2.80400804294164e-05    -4.85485174914134e-05    -2.27729244182983e-05    -1.77989263963318e-05
     3.98139403995118e-07     1.58149195437936e-06    -3.65678678047659e-06    -1.32184624501159e-06    -2.86387615871024e-06
     4.90985436291765e-06     8.51559678873063e-07     1.38261281662303e-06     1.46030975752147e-08     1.12879653677741e-07
    -4.78533217172375e-08     1.01152941033168e-07    -1.75029817903588e-08     1.19989564009136e-09    -6.05816130912066e-08
     8.83511135620513e-08    -1.32861073352858e-08    -1.57006794715912e-08    -1.96580711974069e-08     1.56988933132000e-09
     1.42801730291672e-09    -9.21440014664911e-09    -2.88333038418526e-09    -4.00321888761686e-09     7.06300830577511e-10
    -3.06452886817835e-04    -3.04998218148713e-04    -4.67669123636197e-04     2.28755753985345e-05    -2.42278344328108e-05
     5.11115805911781e-06    -5.72849294982489e-05     2.96030619786779e-06     9.23483310556314e-06     6.62284400114140e-06
    -9.07599637534121e-06    -6.72729697429131e-06    -3.79428676693180e-06    -2.20736059886213e-06    -4.05120768473728e-06
     1.13107840702081e-06     2.35271627474910e-07     1.76850006956748e-07    -1.46025571875624e-07    -5.17902902416052e-07
    -1.60512629245387e-08     7.99304639897029e-08     2.85282622103305e-08     5.90449113105118e-08     1.82771802747472e-08
     7.59951788456864e-09     3.11994081486122e-09    -5.45022398623095e-09    -1.66310463632131e-09    -6.02428792570266e-09
     2.77453905173629e-09    -1.10258033484627e-09    -3.21834806128512e-10    -2.88800058485274e-10     3.29305977371068e-10
     1.56220610054521e-09    -5.58543412860276e-10    -4.77628377801030e-10     1.16780602595798e-10     1.10005149973946e-10
    -5.89828755168940e-04    -2.62976755697010e-04    -2.25273142793253e-04    -1.35983683672908e-04     3.26022252592093e-05
    -1.73961312276835e-05     4.58379145613498e-05     5.38415078491916e-05     1.85947523524001e-05    -2.88605268907321e-06
    -1.02917820172526e-05    -5.97091650704490e-06     5.77356657824676e-07     1.11413427326737e-06     3.72851376268178e-07
    -1.46003096878765e-06    -4.45824283696153e-07    -2.28135207173231e-07    -3.17525682848597e-08    -2.41097496874140e-07
    -2.50645769430802e-09    -5.81841206913522e-08    -2.94458284684222e-08     2.07244089580066e-08     7.91059449345769e-10
    -7.20229593754751e-09     7.63113387113034e-09     4.08944972041663e-09     2.87752646679332e-09    -3.85182659642223e-09
    -1.00753159922912e-09     5.80395581285921e-12    -1.37117724907885e-10     9.97719992911296e-11     2.88601861790725e-11
    -5.64042623906130e-10     1.82303697942841e-10    -5.38158915704470e-11    -1.49184493145716e-11    -5.50351105357001e-12
     3.34128111902906e-11    -1.33380209169288e-11     4.65872240695916e-12     7.32918747784499e-12     1.09169253738164e-11
    -5.54013962111757e-04     6.86872470596714e-04     5.92708845783998e-04     2.64387043766512e-05     4.21616872009174e-05
     6.21744326713868e-05     3.66799411236515e-05     8.17061273497673e-06    -3.43191574450919e-06     5.33646272750604e-06
     1.04140808707632e-06    -1.71211764457877e-06    -8.64400148703309e-07    -8.54359267216843e-07     1.62217869232903e-06
    -5.49222788526430e-07    -3.26458576456119e-07    -1.59127041836889e-07    -2.23242330016812e-07     1.15212486031058e-07
     7.32012766671627e-08    -9.39241670304479e-09    -3.40762458499376e-08     1.38225042806624e-08     1.24437675858567e-08
     2.38308478101060e-09    -1.08538953755855e-09    -2.95012022106636e-09     3.51665359610775e-09     2.28851724069431e-09
     4.01102612611550e-11    -1.64932803462251e-10     2.85097705283550e-12     1.51460656683269e-12    -5.49139196319160e-11
    -5.74767229724935e-11     3.84783966953641e-11     4.99599956961511e-11     1.33762559844582e-11    -6.57439067647070e-12
    -2.11991441871189e-11     9.19579762500701e-12    -2.92579921456949e-12     4.94513553434633e-12     3.90259886912782e-13
    -8.06365958914211e-13    -4.04490186972105e-13     6.77219430276485e-13     1.23115775578832e-13     1.42128474809922e-13
     4.59294433096177e-04    -1.39238586246121e-04    -3.67799544919517e-05    -9.80049697581395e-06    -6.50558402326291e-05
     3.32858386682940e-05    -2.51884127207900e-05     2.65747882185256e-06     6.52108474764469e-06    -4.20367563379126e-06
     2.55874878535335e-06     2.51817599564091e-06    -1.08135327273283e-06    -4.98304640531099e-07     1.81747722399515e-08
     2.71701244459726e-07    -6.06400458816976e-08    -1.60522961853386e-07     1.09351291792141e-07    -5.93962029378444e-08
     1.37711381383963e-08     9.29999352915398e-09     7.97025494229270e-09     9.46644172238031e-09    -5.84186376353385e-09
     1.81342589251293e-09    -2.04490958326095e-09    -2.08593238071617e-09     1.20575570997013e-09     2.20533433305646e-09
     1.67673872006947e-10    -1.17803280932526e-10     1.92300169443352e-11     3.35297762629630e-11     2.75125131270293e-11
    -7.69431656861730e-12     6.05411854027515e-12     2.61408027584265e-12    -1.23517000101044e-11    -2.90098077893933e-12
    -3.14173725336098e-12     4.27777211274632e-12     1.75452472571086e-12     3.05240822330574e-13     1.56008127347061e-12
     2.25229657870197e-13    -3.54369941219866e-13    -8.09178709893927e-14     1.73284855957941e-13     5.74895348686306e-14
    -1.14232827550905e-13    -9.54161603637810e-14     2.52990701764200e-15     2.88064309718808e-14     1.78786704957882e-14
    -4.62667341157188e-05    -1.96123085691545e-04    -2.37666609092904e-04    -7.85201232852633e-08    -1.68975928328728e-04
    -2.17267940912644e-05    -4.24518250345866e-05    -1.77169921773101e-05    -1.95347164138113e-05    -5.28507974366439e-06
    -2.52059991795130e-06    -2.32447398090933e-06    -1.65622209751386e-07     2.43953407490595e-07    -1.79663277160352e-07
    -7.76007603918948e-08     1.23568585144204e-07     1.05034655563213e-07    -1.10920451291285e-08     7.03777052065791e-08
    -6.93054794615840e-09     6.13585548434680e-09     6.33719914075008e-09     2.23831303170925e-09    -6.15987598195610e-09
     2.59790492622046e-10    -1.58736476670398e-09    -1.00856680979704e-10    -4.64357245110730e-11    -1.04358305912506e-10
    -5.82338279070976e-11     4.60838546560085e-11     3.52228749756595e-11     3.06546737639340e-12     7.08918740233537e-11
    -1.84534106902875e-11     1.59590645714940e-11     7.28904582124763e-12    -5.28806804145408e-12    -1.67361112185982e-12
    -1.65950158907632e-12     2.05331389784262e-12     9.35230581677754e-14    -1.21131899468810e-12    -7.15677608289268e-13
     1.32524607070294e-14     8.95671014908152e-15     8.72472507817955e-14    -2.78901994206296e-14     1.09259775342951e-14
     7.03514905652103e-14    -2.41407823062645e-14    -1.09445781976469e-14     2.69452187108836e-15    -1.51657878158085e-14
    -9.41087267325339e-16     2.93293567230336e-16    -1.16807288397458e-15     2.20076143246245e-15     3.15535882136654e-16
     1.91683462653132e-05     7.65904680232421e-05     1.22198984788623e-05     3.17924653045493e-05     1.25370561493064e-04
    -2.97304617059619e-05     1.36318180650968e-05    -1.96676419230903e-06     3.96149854407100e-06    -1.71274768001104e-06
    -2.41009286783007e-06    -2.34019085751046e-06    -2.72200713494140e-08     9.57942952101703e-07    -3.64343871366713e-07
     6.93321956634214e-08     1.96965754689730e-08     1.11524181386853e-07     7.21595436842900e-08    -1.42971488214635e-07
    -3.48660112008260e-09     6.47099578076034e-09     1.45401870794391e-09     7.87476130127274e-09    -1.20109407687868e-09
    -4.13345219130511e-10     3.20574113776044e-10     2.87851391871469e-10     2.72872929343169e-10    -3.95294259144374e-12
     1.42602567114073e-11    -6.48563548281236e-12    -8.99136621440304e-12     5.29910542846669e-13     1.75805464105077e-11
     1.97592306516562e-12     3.38711560493368e-12     5.98534115485124e-12    -3.95088424521403e-13    -2.55458535230442e-13
    -5.17539498619444e-13     3.53204101402764e-13    -2.83900619743321e-13    -2.21877284006806e-13    -2.84992456532807e-13
    -2.05019934602469e-13     4.87858424133900e-14     3.14864121595552e-15    -4.43234198778962e-14    -1.90573502822481e-14
     3.78232185952097e-15    -1.22151870073976e-14     2.88342269600864e-15    -2.68275089657322e-15     8.96059111875541e-16
     1.22797271041703e-15    -3.57183264418534e-16     3.15017333359427e-16     6.31422906689454e-16     1.59560742956595e-17
     3.16641115974850e-16    -5.42923474741617e-18     9.47273821391211e-17     2.46112077603494e-17     8.31465784150920e-17
