     0.00000000000000e+00     0.00000000000000e+00     0.00000000000000e+00     0.00000000000000e+00     0.00000000000000e+00
     0.00000000000000e+00     0.00000000000000e+00     0.00000000000000e+00     0.00000000000000e+00     0.00000000000000e+00
     2.29638059855881e-05    -1.45510180731739e-05    -1.68643874851070e-05    -2.70520008659682e-05     2.95997634173132e-06
     0.00000000000000e+00     0.00000000000000e+00     0.00000000000000e+00     0.00000000000000e+00     0.00000000000000e+00
    -3.08121220007902e-05     1.52686033326394e-05     3.26326794355710e-05     1.69371878025517e-05    -1.07945279452182e-05
     7.89479746692968e-06    -1.96551730057383e-06     1.82381866431968e-06     1.15399596688051e-06    -3.94901342511703e-07
     0.00000000000000e+00     0.00000000000000e+00     0.00000000000000e+00     0.00000000000000e+00     0.00000000000000e+00
     3.66984490043271e-05    -1.18964038259107e-05    -1.73944701834064e-05    -3.05215333753286e-05     1.14733540144218e-05
    -4.36093508597797e-06    -3.38093108944266e-06    -2.03732266818560e-06    -1.70457356809830e-06    -1.31049122451751e-06
    -3.64301661143844e-06    -7.13825323457920e-07    -1.05766823558566e-07    -1.13203073082080e-07    -2.57913700049664e-08
     0.00000000000000e+00     0.00000000000000e+00     0.00000000000000e+00     0.00000000000000e+00     0.00000000000000e+00
    -5.78017443483011e-05    -2.51821163212821e-05     1.85346621807984e-05     7.55277105164751e-06    -1.27507956487978e-05
    -9.87284056645589e-06    -6.81997449867096e-06    -2.44821912279823e-06     9.13014362338987e-07    -7.21964149807033e-07
     1.45219358315883e-07     1.25407858879739e-07     2.06213445794592e-07     6.02784095096672e-08     1.05132481431671e-07
    -3.52030765211245e-07    -1.70722027058552e-07    -5.63731665643483e-08    -5.50115572102061e-08    -1.04371296231396e-08
     0.00000000000000e+00     0.00000000000000e+00     0.00000000000000e+00     0.00000000000000e+00     0.00000000000000e+00
     1.01180504592066e-05    -3.82591240637392e-05    -1.40104301667539e-05    -2.28305000480095e-05     7.20898899554380e-06
    -4.41002314987102e-06    -3.95803940750138e-06    -2.05232013325453e-06    -2.18756722036259e-07    -2.88923423218547e-07
     5.25335568382459e-07     8.86577172624516e-07     4.26349706828963e-07     7.16127766590297e-09     1.83785925931615e-07
     3.70267772863469e-08    -6.68525343936688e-09     3.68482783464597e-09     8.11942182923061e-09    -2.06793013041793e-08
    -2.96330944173005e-08    -6.65093489816271e-10     6.81944136111165e-09     1.21697099429556e-09     6.71172861982611e-09
     0.00000000000000e+00     0.00000000000000e+00     0.00000000000000e+00     0.00000000000000e+00     0.00000000000000e+00
    -5.87176031662227e-05    -3.27625383018214e-05     3.88510382134721e-06    -7.19359020815006e-08    -2.47039867369371e-06
    -2.39108155760195e-06    -3.88052981671848e-06    -5.21739273696310e-07     8.06343243364272e-07    -6.03645778527670e-07
     7.03217803858686e-07     3.44904761681700e-07     3.76937365234903e-07    -3.74596794729387e-08    -5.64450057761847e-08
     1.09318493097089e-07     2.22205330100515e-08    -1.34873458066497e-08     2.29800713526129e-09     1.83970396696035e-09
     8.05099709838849e-09     1.51179862112541e-09     2.67079282023331e-09    -1.79253818364778e-09     7.91751035181963e-10
     2.73752031114268e-09     2.09106936785457e-10     3.88708265388488e-11     1.97064942859572e-10    -1.72865158018482e-10
     0.00000000000000e+00     0.00000000000000e+00     0.00000000000000e+00     0.00000000000000e+00     0.00000000000000e+00
    -1.29261139202323e-05    -1.36458711512963e-05     2.04553420869489e-06    -8.58795743704922e-06    -9.10808085005261e-06
    -4.04461658806514e-06    -2.62109920832827e-07     5.44882520793086e-07     3.94101629847276e-07    -3.42238741644493e-07
     2.38126913245328e-07     5.57262039925600e-07     4.48369415030559e-08     1.05003116747989e-08     9.61057535795011e-08
    -1.91879264284808e-09     6.42072699690314e-09     3.96735738049730e-10     3.15366749111756e-09    -6.74242779090912e-09
     1.80704265360197e-09    -2.09796233559417e-10     4.56815770545907e-09     3.28522393655104e-10     2.28795959608463e-09
     6.98243794982164e-10     1.27626550703190e-10    -2.43772938513279e-10    -7.80181659548650e-11     1.45416871423761e-11
    -7.16554674374152e-12    -3.56990530347840e-11    -2.51822176954450e-11     3.27702971453057e-11     8.56110400998394e-12
     0.00000000000000e+00     0.00000000000000e+00     0.00000000000000e+00     0.00000000000000e+00     0.00000000000000e+00
    -1.49517945238823e-05     1.80023759907632e-05     4.46375736777221e-06     3.47806291097848e-06    -1.26796678229775e-06
     1.78563393527942e-06     2.37557221665418e-06     1.06098552320903e-06     2.28580802954331e-07    -2.44772069283303e-07
     4.32696859489244e-09     5.65225459697541e-09     4.83327556895587e-09    -1.92760562300259e-08    -1.23956351594533e-08
     4.15038608344876e-08     2.86416323522721e-08     4.66950108812783e-09     4.18312985916444e-10     5.67631782412368e-09
    -1.17603839972835e-09    -1.67584860802990e-10     8.84746408980365e-10     2.71931403983671e-10     7.67598516336924e-10
    -5.06388116942250e-11     1.81812604836986e-10    -5.68801975592408e-12     7.76669945509078e-11    -7.83302190633162e-11
     1.66685073558695e-11    -2.90638108756939e-11    -2.08344096021547e-11     1.69141021211191e-11     1.15632314875650e-11
    -1.53213615437227e-13     2.82421636759365e-12     7.70952103701494e-13     8.07695833071752e-13     1.57057759100624e-12
     0.00000000000000e+00     0.00000000000000e+00     0.00000000000000e+00     0.00000000000000e+00     0.00000000000000e+00
     3.11174266578065e-05     1.30237274018583e-05     2.70328781191737e-06     8.58194911196023e-06    -7.12054210507645e-06
     1.42100910223544e-06     1.93373042212637e-06     4.43341821670402e-07    -2.56283361035492e-07    -3.92567014153261e-07
    -1.12533055564382e-07    -9.79253111148478e-08    -1.06353418944432e-07     8.57243346908510e-09    -3.39831314963959e-08
     1.12412779980351e-08     1.01001958893945e-08     4.96318817824010e-09    -2.61815382185212e-09    -2.18267157328642e-09
     6.57432324882631e-11    -4.69936671959696e-10     3.28491880667204e-10     1.96239961316792e-10     7.02384174715753e-10
     1.31055823592086e-10     1.05150925426743e-10    -3.39471069484533e-11    -4.26770905394292e-11    -7.69116137542652e-12
     1.27453854667013e-12    -1.31083485041997e-11    -1.85042655017356e-11     8.35881977256288e-12     3.74948311668061e-12
    -2.54105644961315e-12     2.93770287065455e-13     8.00561235779723e-14     4.67431103123086e-13     4.16558832325993e-13
     8.39633922233805e-13     1.58341538497162e-13     6.31480211920954e-14     3.40508099886594e-14    -8.45217002888721e-14
     0.00000000000000e+00     0.00000000000000e+00     0.00000000000000e+00     0.00000000000000e+00     0.00000000000000e+00
     2.04121303579880e-05    -9.41446131608115e-06    -3.93202943114970e-06     1.90819158950428e-06    -3.34883972410349e-06
     6.36901220889200e-08     9.31602143243953e-07    -3.72351251540663e-07     2.15326314123499e-08     1.52413584344347e-07
    -1.58299006667925e-07    -6.92242935142038e-08    -7.15059223215563e-08     2.97821451647255e-08     3.76971760554768e-09
    -1.51797473991904e-09    -2.89775757985395e-09     1.50005305281258e-09    -2.39972925941819e-09    -6.34329488930046e-10
    -1.65000134950977e-11    -1.37127268493140e-10     1.59546143953682e-11     1.92340566612147e-10     1.71306474610211e-10
     8.55711428148037e-11     4.79895435718534e-11    -2.07819305767753e-11    -9.54125622957203e-12     1.46725583224984e-12
    -9.11172516937489e-12    -4.60984699082130e-12    -4.35810518962922e-12     5.12233949741036e-12     5.26972046837936e-12
     1.83185613247224e-12     3.74460222721112e-13    -1.83179184252127e-13     4.24780882562012e-14     1.93808083749666e-13
     8.83161210556650e-14     4.19566502033824e-14     4.16065866051208e-14    -8.09303934893388e-15     2.33322474822680e-14
    -4.18430478094352e-14     2.05171916167296e-15    -4.83931074506281e-15    -5.63766913611889e-16    -1.94158043984612e-15
     0.00000000000000e+00     0.00000000000000e+00     0.00000000000000e+00     0.00000000000000e+00     0.00000000000000e+00
     6.64165202444771e-06    -9.65379831910647e-06    -1.68744814549838e-05    -8.06143969845192e-07     3.03232936549908e-06
    -1.71695558474891e-07     1.84945006893904e-07    -3.91278610566227e-07     8.23216512666592e-10     3.95476621205550e-07
     8.64260014409799e-08    -3.62518056180539e-08     5.58244610745459e-08     1.98412493311327e-08    -1.29771401783491e-08
     5.73960611107098e-10    -1.32058583087425e-10     7.84683918034478e-10    -3.86877114711869e-10     3.55047530806208e-10
    -1.91148192144162e-10    -1.39261811635225e-10    -1.45654614133095e-10    -1.25796246523987e-11    -1.77647126066705e-11
    -3.02773695402644e-11     2.83620825046999e-11     6.90205342308849e-12     1.11146182754475e-12     1.12578395645823e-12
    -9.27287741889252e-13     7.58091966536100e-13    -9.48769633597578e-13     1.61492756216422e-12     1.61642552264029e-12
     2.48573966172026e-13     1.17688175257551e-13     2.54747759832594e-14     9.68730408574632e-14     5.63499693787956e-14
    -4.54565860349549e-14     3.90305102573045e-14     2.47105020883069e-14    -1.51331196256660e-15    -1.20398616448551e-14
     4.19976289197902e-15    -1.98342233830297e-15    -1.77693888455927e-15     5.86269176893620e-17    -5.25623147462547e-16
    -2.34535781328648e-15     2.22170782031488e-16    -1.10898509629095e-16     5.04816606846327e-17     8.27853281585431e-17
     0.00000000000000e+00     0.00000000000000e+00     0.00000000000000e+00     0.00000000000000e+00     0.00000000000000e+00
    -2.70002530011451e-05    -1.43849769763773e-05    -4.58452770554532e-07     5.98542491016829e-07     8.33105066956427e-06
    -8.38069726636282e-08    -6.88360448362353e-07    -2.97671493632728e-07    -2.48234145889544e-08     9.86480147641949e-08
     5.33056742187754e-08     4.82136514233324e-09     4.69808017333868e-08     2.54872949619954e-08    -6.69223269399155e-09
     2.25350055384042e-09    -1.48963467626295e-09    -4.35759024055119e-10     8.40769575701843e-10    -7.35081909809944e-10
    -1.16533085631846e-10     5.50314348653054e-11    -6.37836209199539e-11    -7.14476376816634e-11    -5.73377726786844e-11
    -6.75605485150938e-12     6.76276718660130e-13    -1.44155681383593e-12    -1.35272495375547e-12     1.17639983952790e-11
     7.25848127601926e-13     7.45352468934416e-13     5.23875614814110e-13    -1.74762428128067e-13    -1.85621571503880e-13
     4.56785239807295e-14     8.14086032011424e-14     9.63779773028553e-15    -1.00320992767829e-14    -2.04868097833922e-15
    -5.10418576744373e-15     1.62375980645041e-14     9.01264792418330e-15    -3.32116863845395e-16    -1.63429762651960e-15
     1.20931481359007e-16     1.62452046404230e-16    -1.85876539428590e-16    -7.18642214224255e-17    -1.71456748746032e-16
     2.24622101193473e-16    -2.78867280238348e-17    -5.07394390411106e-18    -2.19089318959707e-18     3.65763420631261e-17
     9.50823665934597e-17     7.99496629256260e-18     1.16967521468829e-18    -1.41414655996172e-18    -2.44918785713037e-18
