     0.00000000000000e+00     0.00000000000000e+00     0.00000000000000e+00     0.00000000000000e+00     0.00000000000000e+00
     0.00000000000000e+00     0.00000000000000e+00     0.00000000000000e+00     0.00000000000000e+00     0.00000000000000e+00
    -2.94322834744312e-04    -4.49657799752988e-05     3.20709186913653e-05    -2.95669250705095e-05    -3.30178040880162e-05
     0.00000000000000e+00     0.00000000000000e+00     0.00000000000000e+00     0.00000000000000e+00     0.00000000000000e+00
    -2.02437028973600e-04     1.50289402385097e-04     8.15169294252274e-05     3.42580151231799e-05    -2.35394162931147e-05
     1.05890100701880e-04    -8.10945740400162e-05    -7.62500374398401e-05     2.35557169126836e-05    -1.14619161799874e-05
     0.00000000000000e+00     0.00000000000000e+00     0.00000000000000e+00     0.00000000000000e+00     0.00000000000000e+00
     1.15598683289081e-04    -9.06093232621632e-05    -8.36664325844342e-05     2.13903060629850e-05     3.32668455884541e-05
    -3.81392300390964e-05    -1.18366056430490e-05    -1.94722413238032e-05    -1.62249284404648e-06    -6.49075987573859e-06
    -1.91191076952720e-05     5.24151132112620e-06     5.69745427078432e-06     1.08203972633785e-06    -5.24522671299213e-06
     0.00000000000000e+00     0.00000000000000e+00     0.00000000000000e+00     0.00000000000000e+00     0.00000000000000e+00
     1.02494263462659e-04    -6.33981496970716e-05    -4.29074588659722e-05     1.79752173007363e-05     1.00428361233874e-05
    -2.83561943230833e-05    -6.45566510143144e-06     3.37490043924798e-06    -3.33026572398157e-06     2.61641481409745e-06
     4.82797010388919e-06    -8.84396890881953e-07    -2.66333478764442e-06     4.32358431079738e-07    -2.57872144196681e-07
    -4.94300963415261e-06    -8.22721418714846e-07    -8.20625424008547e-08     3.07414740079007e-07     3.60015877992240e-07
     0.00000000000000e+00     0.00000000000000e+00     0.00000000000000e+00     0.00000000000000e+00     0.00000000000000e+00
     1.00242896616111e-06    -1.30346900792412e-05     2.67992026015148e-05    -5.98512119798028e-05    -3.34971786652419e-06
     2.02955886726064e-05    -6.12811541724350e-06     8.71699525251326e-06     2.55774516848115e-06     5.54537767948874e-06
     4.64523754881488e-06    -7.69292549085069e-07    -1.00915914469247e-06    -4.48438770369738e-07     8.47406555476431e-07
     1.25727458539080e-06     1.04295653292715e-07    -1.34112528869197e-07     5.30134895804482e-08     2.39037713745067e-07
    -2.68208551193695e-07     5.78411173833974e-08     4.54015224147559e-08     7.44753506449390e-08    -7.84449345086341e-09
     0.00000000000000e+00     0.00000000000000e+00     0.00000000000000e+00     0.00000000000000e+00     0.00000000000000e+00
     1.46214570929811e-05     3.80342285290632e-05     3.57693458926259e-05     9.09129306370135e-06    -9.61640046246779e-06
     1.07354343197342e-05     3.94434986464072e-06     3.87271445040273e-06    -2.85588093099257e-08     1.91233982835721e-07
    -3.91935709796021e-07    -7.59754103327475e-07     2.82750391199774e-07    -2.95574300410101e-07    -1.41325372777452e-07
     1.94812969840408e-07     1.92291973037866e-07     2.46154713958181e-08    -7.60639533542226e-09    -4.66361687151171e-08
    -1.52199040008634e-08     3.58720777668725e-08     3.65110984165046e-09     1.26850308369769e-08     2.84786650796067e-08
    -1.59056490555288e-09    -7.81568887299971e-09     1.66272873779981e-09    -5.06288086546622e-10    -5.74195955343106e-09
     0.00000000000000e+00     0.00000000000000e+00     0.00000000000000e+00     0.00000000000000e+00     0.00000000000000e+00
     1.18958204518065e-04    -4.28325084379098e-05    -7.99652810756445e-05    -3.15241255322761e-05    -8.22684191266412e-06
    -7.92318095816371e-06     9.33701294024076e-07    -3.07084688495901e-06     4.34152434718912e-07    -3.77128552186275e-06
     4.14295774066707e-07     4.05202017086901e-07     6.51235288832150e-08     2.01103821473597e-07     4.11483305395700e-07
    -2.81496524301212e-07    -6.18275309769607e-08     5.00236282627279e-08    -2.92409520012182e-08    -7.56650180730751e-08
    -6.33925904172517e-09     7.20141163059276e-09     3.14982273414237e-09    -1.55676258401715e-09     3.11512060754692e-09
    -1.29960373178574e-09    -2.73957572469813e-10     1.14469999748506e-09    -4.21356480496795e-10     6.05614865313537e-10
     9.64146561355886e-10    -3.91434906743113e-10     2.23158078848167e-10    -4.61619599774534e-10     2.26224151776702e-11
     0.00000000000000e+00     0.00000000000000e+00     0.00000000000000e+00     0.00000000000000e+00     0.00000000000000e+00
    -1.60585595334612e-04     7.25150749863593e-05     2.86565212183316e-05     2.76351583615895e-05    -3.73847561881710e-06
    -6.36805581925650e-06    -7.10485129987739e-06    -5.29201802823997e-06    -2.12720863546692e-07    -2.89995694035133e-06
     4.34213006069758e-07     3.41131048892194e-07     2.46130638745113e-07     7.74361788728290e-08     4.68538530885108e-08
     7.12306407488471e-08    -2.91722533874622e-08    -1.76052406132993e-08    -2.26722087984564e-08     4.45959771788865e-09
    -1.18434253188760e-08    -1.74048540222771e-09    -8.94821444912989e-10     7.44746508313413e-10     8.63978436818176e-11
    -2.38236457045576e-10    -6.34443368003213e-10    -1.74524983600652e-10     3.58075691499345e-10     1.22197728311615e-10
     2.33601216586889e-10    -7.62003253420656e-11     1.62307901480180e-10    -4.81770376293874e-11     3.67980736014274e-12
    -5.79865174587977e-11     1.77854240528440e-11     4.55169624662612e-13    -1.97931432551724e-13     3.53775299882041e-12
     0.00000000000000e+00     0.00000000000000e+00     0.00000000000000e+00     0.00000000000000e+00     0.00000000000000e+00
    -3.66998825645021e-06    -7.21545057342803e-05    -1.48488972977359e-05    -1.43416961155024e-05     1.42572626355445e-05
     3.02387235329431e-07    -4.04764365868916e-06    -8.07584591941730e-07     8.19387629417223e-08    -1.73589264388065e-06
    -2.38491058369076e-07     1.36649633759303e-07    -1.93088105374765e-07    -2.68805825282016e-08    -1.19715683801586e-07
     6.31741499292972e-09     2.60760638589094e-08    -1.50757229592427e-08     7.56295991242188e-09    -2.93203534735549e-09
    -2.81351400753117e-09    -1.64448976938786e-10    -5.02865833075962e-10     6.73959542422646e-10     1.85598886457001e-09
     5.20315904426842e-10    -7.97266746653777e-11    -3.73453540470390e-10     9.12558356300899e-11    -1.03475510528379e-10
     1.58320847121065e-10    -2.70962232683666e-11    -2.40543565818403e-11    -1.30196420976287e-11    -9.91706147240133e-12
     1.55468638990190e-11    -8.75673640487971e-13     2.54342978396397e-12     2.21462726262965e-12     4.51668995023720e-12
    -5.63133192260943e-12     2.60264189412001e-12    -1.94544225647342e-12     1.04601722593072e-13    -1.58943830479264e-12
     0.00000000000000e+00     0.00000000000000e+00     0.00000000000000e+00     0.00000000000000e+00     0.00000000000000e+00
    -3.97985850920472e-05     9.61642941734997e-06     1.63904973092911e-05     3.15393761292556e-05    -7.12803166232504e-06
     1.79602094879302e-06     2.22917058446792e-06     1.92324750273316e-06    -1.40111924589834e-06     1.45650565015935e-06
    -2.62516152092475e-07     1.06678103324288e-08     8.27962035398912e-08     1.43592327096706e-07    -3.35878931050296e-08
    -5.21672698660355e-08     1.54830783541357e-08     1.08174883887565e-08    -5.33357255918273e-09     3.95086138699007e-09
    -2.58324154865349e-12    -7.66220948252994e-10    -5.27078824297584e-11    -3.52134588985873e-10    -6.35478118703382e-10
    -6.81887529699353e-11     9.79024692149691e-11    -3.83768961975934e-12    -4.98662751392123e-11     6.64039916664820e-11
     1.86691399721240e-11    -1.40803508062943e-11    -1.30714757062874e-11    -1.38242007077723e-12    -7.68718195095304e-12
     7.97547170874538e-14     2.86271501420986e-12     1.23066700573500e-12    -2.62992460888621e-12     5.85300429503182e-13
     3.31951134841636e-13    -1.68266327081950e-13    -6.42881524257669e-14     2.09803204180062e-13     3.48523737174454e-13
     5.26210147788628e-14    -6.79398505210143e-15    -7.41346071751251e-14    -2.42652804618216e-14     2.05694738736925e-15
     0.00000000000000e+00     0.00000000000000e+00     0.00000000000000e+00     0.00000000000000e+00     0.00000000000000e+00
     1.15150273537178e-04    -3.57764387110087e-05    -2.40564129605286e-05    -3.78372534198767e-05    -4.96677461110411e-06
    -2.78687536178884e-07     1.29079971746270e-06     1.08733965242540e-06     1.39890194148554e-06     1.00679119987896e-06
     3.48208591812920e-07     9.16161328804400e-08     4.23649692606698e-08     4.15020944541993e-08     2.35515866439678e-07
    -2.99243513128640e-09     1.20305655090008e-08     1.75878002493211e-08    -6.63048697075134e-09    -2.80451382765686e-09
    -2.80690483114202e-10    -1.04374937321668e-09    -4.20561076242680e-11     7.44133660249756e-12     6.57697755290496e-11
    -4.43890730218188e-11     1.80890543452253e-10     9.72746223925405e-11    -3.64154316494464e-12     1.84588967957673e-11
    -2.51434431542888e-12    -4.99165469098609e-12    -7.87882226674781e-13     6.48259187015331e-12     1.07680343183559e-11
    -1.01588810726706e-12     6.85655531139931e-13     3.71128054790206e-13    -2.29422060386469e-13    -6.99130387976856e-15
    -5.38811090901205e-13     2.58100443378516e-13    -1.10693553537760e-13     7.75425798339626e-14     7.38727261552771e-14
    -4.31770548680910e-14     1.11064058017724e-14     8.54894713033275e-15    -4.10583878913344e-15    -3.35768350420755e-15
     1.03369530731595e-14    -5.07434117737451e-15    -2.42889881611464e-15    -2.48063733742931e-15     2.90304910491039e-16
     0.00000000000000e+00     0.00000000000000e+00     0.00000000000000e+00     0.00000000000000e+00     0.00000000000000e+00
    -8.39183994171493e-05     4.25192683705719e-05     2.39106166542835e-05     9.63164995525421e-06    -1.80099876879662e-05
    -5.83647881202063e-07    -1.37169416068606e-06    -2.51393775047605e-06    -8.32026204652557e-07     7.97516784981987e-07
     2.20573976983329e-07     8.76679439568026e-08     1.25470853341764e-07    -4.35660223544379e-09    -1.64972135958583e-08
    -3.08083647428505e-09     1.04209435697193e-08     3.17599395694958e-10    -1.84495882521243e-09     6.34275367254599e-10
    -8.14707812353015e-10     2.07275582682792e-10    -2.22953105663087e-10     3.29848251369986e-10    -2.04502191217747e-10
     1.27846827632169e-11     2.73434189476522e-11     4.28409345469247e-12    -4.62760398257568e-11    -1.59816544350412e-11
     1.93179088345678e-12     3.38985126982015e-12    -1.49072071549918e-12     2.53202445240101e-12     4.16137585612884e-12
     7.62640115677957e-13    -2.18193549372411e-13    -3.94854140726198e-15     2.70613514083015e-14     1.72521353511407e-13
    -9.74567373800638e-14     7.62022763872865e-14    -4.58235961255554e-14    -5.41296650678368e-14     3.14024649640651e-14
    -1.18234924005402e-14     1.11990585288959e-14     4.77949499206796e-15     1.51438040787705e-15     1.91575697083700e-15
    -1.12108669926016e-15     4.09884412667262e-16     2.46205540515029e-16     1.70016714557395e-16    -3.25229161228419e-16
     2.49626243215030e-16    -3.96834875887066e-17    -1.10231096196605e-17     6.43836642450952e-17    -4.29031508675256e-17
