     0.00000000000000e+00     0.00000000000000e+00     0.00000000000000e+00     0.00000000000000e+00     0.00000000000000e+00
     0.00000000000000e+00     0.00000000000000e+00     0.00000000000000e+00     0.00000000000000e+00     0.00000000000000e+00
    -2.50946783272618e-06    -2.25788585580711e-06    -6.92728965072252e-07    -6.21915940914078e-07     5.74164566890756e-07
     0.00000000000000e+00     0.00000000000000e+00     0.00000000000000e+00     0.00000000000000e+00     0.00000000000000e+00
    -4.59794794454018e-06    -2.13112655128631e-06     7.92683138112250e-07     1.10160790159127e-06    -4.72923122352984e-07
    -4.66363356400764e-07    -3.36975035897464e-07    -3.61566991560211e-08     1.46507607680090e-07    -1.04826109581125e-08
     0.00000000000000e+00     0.00000000000000e+00     0.00000000000000e+00     0.00000000000000e+00     0.00000000000000e+00
    -1.79125615935622e-06    -1.83357724489975e-06    -7.92467064290572e-07    -1.25130075547505e-06     4.65569693420389e-07
    -7.12076851807275e-07    -2.60401091053711e-09    -8.70220375019719e-08    -2.63916053348220e-08     2.91164523309186e-08
    -2.71349931484109e-07     1.19188615003385e-09     5.94558869322223e-09    -2.14735744961972e-09     9.44248664101810e-09
     0.00000000000000e+00     0.00000000000000e+00     0.00000000000000e+00     0.00000000000000e+00     0.00000000000000e+00
    -6.76675328848997e-07    -2.29454521107424e-06     1.01677920881349e-07     4.67827047578614e-07    -4.55304451617006e-07
    -2.62641814459545e-07    -1.44037602595400e-07     1.03996876849440e-08     7.99037289465195e-08    -3.68957176510201e-08
     1.01827831505878e-07    -6.52785220876672e-10    -2.22181695723943e-09    -6.03578626299439e-09    -2.48381161964694e-09
    -5.50275790981891e-08     8.93270750116473e-10     7.25775073348333e-12     9.17523867650176e-10     3.54807686549061e-10
     0.00000000000000e+00     0.00000000000000e+00     0.00000000000000e+00     0.00000000000000e+00     0.00000000000000e+00
    -1.83567179537168e-07    -1.08074101741399e-06    -1.69199975178128e-07    -8.62556355413395e-07     2.51423332944017e-08
    -1.16751921580167e-09    -2.94391946851050e-08    -6.04698482988422e-08    -3.72629663310061e-08    -1.66601255959843e-08
     6.33092358119053e-08     1.21433608511540e-08     7.73248747294458e-09     1.18867913799176e-09     5.87873165236171e-09
     1.03567522590668e-08     4.26157361402771e-10     5.89834089542433e-13    -1.07562882516993e-10    -7.75176871316399e-10
    -4.61464974033720e-09     1.40287007120983e-10     2.46332290135052e-10    -2.81964549220617e-11     4.62766061404474e-11
     0.00000000000000e+00     0.00000000000000e+00     0.00000000000000e+00     0.00000000000000e+00     0.00000000000000e+00
     9.81997915096972e-08    -1.50368534376017e-06    -3.95937108421597e-07     7.53645773846332e-09    -2.41603257821205e-07
     1.67583456336241e-08    -4.96500791338124e-08     4.13373613342143e-09     4.00884347422407e-08    -2.86055485317218e-08
     2.27701164887351e-08     3.72106185491687e-09     6.65695386668369e-09    -1.66607485316468e-09    -1.23683465269716e-09
     6.22139207715563e-09     6.40523664289494e-10    -2.58029159914659e-10     1.16430701610561e-10     2.66401058567282e-10
     7.67471250986016e-11     1.26560638168223e-10     9.27937820156900e-11    -3.46792277830499e-11     3.43099993721088e-11
     5.26933881040459e-11     5.94356411878157e-12    -2.10894813728978e-12     8.11230270830904e-12    -4.94670483577410e-12
     0.00000000000000e+00     0.00000000000000e+00     0.00000000000000e+00     0.00000000000000e+00     0.00000000000000e+00
    -1.03041235936440e-06    -1.42606978288293e-07     2.46340164569649e-07     1.39783236348165e-08    -1.75940726965680e-07
    -4.19958407517753e-08     1.26971365645207e-08    -7.50137648709259e-09     4.20741758752987e-09    -1.44392631005220e-08
    -4.79743139323859e-10     1.11927464344521e-08     1.00353127081655e-09     7.37247199453916e-10     1.53793073135695e-09
    -5.06921629605775e-10     1.16156779984661e-10     3.60406954270907e-11     1.50739694576536e-10    -1.35869109043569e-10
    -3.22859954486453e-10     1.64999157764549e-11     1.15159738986638e-10    -3.57421752664634e-13     5.09285052863772e-11
     3.07614743525507e-11     9.14413189204831e-12    -9.26399387383314e-12    -3.77191990180482e-12     1.47495750234958e-12
     1.68933525869883e-11    -9.33340964902805e-13    -1.37726867866623e-12     5.89305633009359e-13     2.88029237089168e-13
     0.00000000000000e+00     0.00000000000000e+00     0.00000000000000e+00     0.00000000000000e+00     0.00000000000000e+00
     1.75365400162255e-07     1.00564347911012e-07    -1.07820545121332e-07     1.07284268525841e-07    -3.62680689944182e-08
     8.77116825429214e-08     6.98774465011908e-08     2.43790103569798e-08     2.14054790640254e-08    -5.70373856179855e-09
    -1.01868783221243e-08     8.71625048163180e-10    -4.76371570602940e-10    -6.45064264869647e-10    -6.12492960667858e-10
     1.11545366297157e-09     5.92599872087017e-10     1.06206114699798e-10    -3.33863510254005e-11     1.41995611961535e-10
    -2.48226018948780e-10     1.47238165095655e-11     3.71817372094674e-11     8.55504513434962e-13     1.15180664161065e-11
    -1.59963899328288e-11     5.57502918736509e-12    -7.32873692282630e-13     2.04318307144706e-12    -1.96947770226186e-12
     3.19810636210563e-12    -1.22125320188110e-12    -7.63012684200572e-13     5.51876419198280e-13     4.65099353435739e-13
     4.75022535150220e-13     1.08875787877574e-13     6.87410239515005e-15     3.09225944513362e-15     3.68424444716813e-14
     0.00000000000000e+00     0.00000000000000e+00     0.00000000000000e+00     0.00000000000000e+00     0.00000000000000e+00
    -3.58114184844105e-07     6.82357930978834e-07     2.31151997659235e-07     2.55891793807810e-07    -2.16941591869840e-07
     5.74300424171794e-08     5.12476289946492e-08     1.10765619874625e-09    -1.48779326468188e-09    -6.28930360304651e-09
    -7.50669418659703e-09    -1.64779880512412e-09    -1.69661206997358e-09     8.64503013306894e-10    -9.06523169414032e-10
     6.02899984262613e-11     2.34056738726877e-10     1.14612157981356e-10    -6.61939405460135e-11    -5.54739717726737e-11
    -1.38103332051241e-11    -1.43844540322531e-11     1.50644665710838e-11     1.05867929722520e-12     2.12548424879221e-11
    -3.70519212134476e-12     4.41233988486446e-12    -1.04245786567709e-13    -1.09719122443333e-12    -4.06405239108650e-13
     2.20492669633977e-12    -3.91999286593616e-13    -6.15593631815733e-13     2.21518844222151e-13     1.46967619524739e-13
    -6.47165830922805e-14     3.94493251348050e-15     1.20919871990532e-14     1.78536080759125e-14     5.28421275850695e-15
     1.66854978483471e-14     6.46706131179449e-15     2.90728792777307e-15     6.17208774085184e-16    -1.38848045955624e-15
     0.00000000000000e+00     0.00000000000000e+00     0.00000000000000e+00     0.00000000000000e+00     0.00000000000000e+00
     1.07453983421915e-06    -5.41078444822513e-07    -3.06054803482764e-07     5.73557016445672e-08    -2.86040100522101e-08
    -2.73636678860661e-09     3.24553489987552e-08    -6.67610301222824e-09     6.26896284453555e-09     6.40705243748778e-09
     3.23108948865703e-10    -1.74065339623769e-09    -2.08080892451272e-09     9.85717276081620e-10     5.09327262605880e-11
    -4.94781500770109e-10    -3.53145333608775e-11     8.26771835298930e-11    -6.20396899929967e-11    -2.43650120513520e-11
     1.66272301379410e-11    -7.62294725785334e-12    -1.75855178541451e-12     3.64412190272376e-12     5.25722915946039e-12
     3.94975193768992e-12     1.94438083593557e-12    -4.34391080014204e-13    -2.43348964408431e-13    -6.06372677422373e-14
     4.07517865152370e-13    -1.89924738516441e-13    -1.67917762541831e-13     1.35953561046091e-13     1.48990188325269e-13
     6.81026180510985e-14     1.49671607105881e-14    -5.53186354973634e-15     1.27626393226996e-16     3.93486273455389e-15
    -4.93556372135577e-15     2.71299171339896e-15     1.95997143851554e-15    -2.41065212239307e-16     1.55169660904023e-16
    -7.76588388026629e-17     4.26431744060764e-17    -1.79247459060448e-16    -6.05963329958552e-17    -2.26073436099385e-17
     0.00000000000000e+00     0.00000000000000e+00     0.00000000000000e+00     0.00000000000000e+00     0.00000000000000e+00
     3.92235640273229e-07    -6.70190645285211e-08    -3.76570405598816e-07    -3.68120548418843e-08     8.28761917840933e-08
     2.30022077546307e-08     3.74448144583515e-09    -1.35991410278051e-08    -6.10305037156577e-11     7.51759630519981e-09
     6.10338365054766e-09    -1.36814946751310e-09     1.45205216232392e-09     8.24332128333295e-10    -1.98649846774046e-10
     9.33832620287378e-11    -4.20477057796314e-11     2.63985170191798e-11    -2.77272457359479e-11    -4.45659395266400e-13
    -4.64917606385387e-12    -6.31034734471887e-12    -4.05128377169685e-12    -1.45356730630553e-13    -9.60680747258701e-14
    -8.73619318834497e-13     7.01037964579182e-13     2.18970096097145e-13     1.37412034691912e-13     3.28076013335273e-14
     2.08445025934590e-13     1.39124075591829e-14    -2.41747531340127e-14     3.91252350426781e-14     3.70948287183426e-14
    -5.89236124512300e-16     2.26503771760250e-15    -1.11505967845526e-15     2.51982007079659e-15     1.38725386501616e-15
    -8.38058074003569e-15     1.61121926159189e-15     1.05737770119922e-15    -1.14243409086938e-16    -4.91421137144514e-16
    -1.99425461189891e-16    -4.09559667797505e-17    -3.36395247464599e-17     1.73625179726425e-17    -1.89980881546985e-17
     5.63796904790118e-17     4.53308135701141e-18    -5.25055293164922e-18     3.06207640478917e-18     2.79981398091612e-18
     0.00000000000000e+00     0.00000000000000e+00     0.00000000000000e+00     0.00000000000000e+00     0.00000000000000e+00
    -4.16438571416577e-07    -5.16716376865025e-07    -1.03346709241630e-07     3.57991902329440e-08     1.85513796756616e-07
     4.78677102985717e-09    -1.54347216507778e-08    -6.94914019149063e-09     9.73632508652021e-10     2.77144939624176e-09
     4.45192916094353e-09    -9.24412375106903e-10     8.71601807849218e-10     9.38226351071428e-10    -5.90139447437898e-11
     1.31753658309089e-10    -5.46743168522086e-11    -1.01292116450375e-11     1.52419732454853e-11    -1.92166545060042e-11
    -5.36187230108332e-12     1.50916482945166e-12    -9.50417092602039e-13    -2.20095107282490e-12    -1.80345503119438e-12
    -6.56765247136757e-14    -1.17782026252608e-14    -5.64815199505044e-14     4.82991899339503e-14     4.20322802535608e-13
     5.02544209975129e-14     2.70901776270948e-14     2.15222262028579e-14    -1.07595409972636e-14    -1.25159571232300e-14
    -1.43068845391944e-15     1.95527217334433e-15     1.48418279566388e-16    -3.24645155154097e-16     2.32182004902123e-16
    -1.83385075161907e-15     7.08621934288270e-16     3.48106424373492e-16    -3.56091173752818e-17    -8.44308714362628e-17
    -5.46926973073843e-17    -4.72411862465001e-19    -9.70229495091137e-18     8.54074672095902e-19    -4.53511409524703e-18
    -2.17512267748980e-17    -3.07320163496936e-18    -4.49719980549239e-19     5.85491509778291e-19     6.15510840019756e-19
     5.60623888903730e-18     2.61770582064806e-19     1.64369160988384e-19    -3.68944794486585e-20    -9.50950859653845e-20
